[TILEMAP]
# path_tilesheet path_info
textures\scene\scene2\tilesheet.png	textures\scene\scene2\matrix.dat

[CAMERA]
# 0: camera start to left, 1: camera start to right
0

[KHONG_GIAN]
# id	left	top	right	bottom
# map 1
# không gian 1
1	1280	784	1535	1249
#map 2
# không gian 2
2	0	1792	256	2047
#2	0	0	2048	2048
# không gian 3
3	257	1807	513	2032
# không gian 4
4	514	1807	767	2032
#không gian 5
5	512	1552	767	1776
# không gian 6
6	511	1298	767	1520
# không gian 7
7	255	1297	512	1520
# không gian 8
8	256	1040	512	1264
# không gian 9
9	0	1040	257	1264
# không gian 10
10	0	784	256	1008
# không gian 11
11	255	784	512	1008
#	không gian 12
12	512	784	768	1008
# không gian 13
13	512	1040	768	1264
# không gian 14
14	767	784	1024	946
# không gian 15
15	768	528	1025	752
# không gian 16
16	1568	802	2045	1056

[OBJECTS]
# type	x	y	ani_set_id	extra_settings per object type
# type: 0 = PlayerXe, 1 = PlayerNguoi
# Player xe
# type	x	y	ani_set_id	start_x	start_y	direction_start
0	1395	1141	1	20	0	1
# Player nguoi
# type	x	y	ani_set_id	start_x	start_y	direction_start
1	20.0	0	20	20	0	1
# Player nguoi 2
# type	x	y	ani_set_id	start_x	start_y	direction_start
4	112	1908	22	20	0	1

# --- SCENE PORTAL ----
# type	l	t	ani_set_id	r	b	scene_id x_player y_player x_cam y_cam
-1	1392	1136	0	1408	1152	1
-1	112	1904	0	129	1921	1

# CONG_KHONG_GIAN
# type	x	y	w	h	id_khong_gian	huong	xPlayer	yPlayer	loaiCong
# loại 1 chuyển qua phải và dịch map theo chiều ngang
# loại 2 chuyển qua phải và dịch map theo chiều dọc
# loại 3 chuyển qua phải và k dịch map
# cổng 3 : cổng chuyển map 
-3	224	1904	7	30	3	1	294	1904	3
-3	280	1904	7	30	2	2	192	1904	6
# cổng 4:
-3	480	1904	7	30	4	1	551	1904	3
-3	537	1904	7	30	3	2	455	1904	6
# cổng 5:
-3	632	1808	17	6	5	3	629	1697	9
-3	625	1737	30	4	4	4	630	1826	10
# cổng 6:
-3	632	1552	16	11	6	3	628	1440	9
-3	624	1485	32	3	5	4	633	1571	10
# cổng 7:
-3	537	1392	6	32	7	2	456	1392	6
-3	479	1392	6	32	6	1	549	1392	3
# cổng 8:
-3	376	1300	17	12	8	3	372	1183	9
-3	368	1224	32	5	7	4	377	1314	10
# cổng 9:
-3	282	1137	7	31	9	2	197	1139	6
-3	223	1137	7	31	8	1	292	1138	3
# cổng 9':
-3	120	1040	17	12	10	3	115	929	9
-3	112	969	31	7	9	4	122	1061	10
# cổng 10:
-3	223	881	6	31	11	1	292	883	3
-3	285	881	4	31	10	2	194	882	6
# cổng 11:
-3	479	881	3	30	12	1	548	884	3
-3	541	880	4	32	11	2	450	882	6
# cổng 12:
-3	736	880	4	31	14	1	804	883	3
-3	797	881	4	31	12	2	706	882	6
# cổng 13:
-3	624	960	32	4	13	4	632	1061	10
-3	632	1040	17	4	12	3	626	928	9
# cổng 14:
-3	888	784	17	13	15	3	882	673	9
-3	880	717	32	3	14	4	883	804	10
# cổng 15: dịch chuyển tức thì trong map
-3	802	621	191	33	16	5	1730	930	11

# VU KHI
# type	x	y	[ani_set_id	item ani_set_of_item]


#QUAI VAT
# canh 1
# quai vat ao khoa	x1 y1	x2 y2 x3 y3 x4 y4 x5 y5
51	1468	1177	51	1392	1176	1442	1113	1339	1123	1359	1168	1327	1082	1
51	1327	981	51	1336	1024	1376	1003	1416	1013	1449	986	1466	1018	1
51	1453	822	51	1447	869	1370	876	1366	823	1426	887	1467	899	0
# dau cong
52	1360	1088	52	1
52	1441	971	52
#canh 2_2
# quai vat 1 mat
53	376	1967	53	1
53	374	1831	53	1
# canh 2_3
# quai vat ao khoa	x1 y1	x2 y2 x3 y3 x4 y4 x5 y5
51	630	1856	51	591	1903	639	1904	624	1946	682	1905	629	1843	1
#canh2_4
52	561	1624	52
# canh 2_5
# quai vat 1 mat
53	630	1329	53	1
53	569	1452	53
#canh 2_6
# dau cong
52	382	1384	52	1
#canh 2_7
# quai vat ao khoa	x1 y1	x2 y2 x3 y3 x4 y4 x5 y5
51	410	1150	51	412	1183	373	1181	322	1174	367	1128	429	1155	0
51	319	1072	51	353	1117	303	1132	402	1120	367	1152	1080	428	1
51	416	1072	51	428	1110	449	1145	333	1089	372	1170	319	1093	1
#canh 2_8
# quai vat ao khoa	x1 y1	x2 y2 x3 y3 x4 y4 x5 y5
51	119	1109	51	175	1119	193	1151	117	1074	140	1102	59	1155	0
#canh 2_9
# quai vat 1 mat
53	177	833	53	1
# dau cong
52	127	889	52
#canh 2_10
# quai vat 1 mat
53	385	806	53	1
53	424	867	53
53	331	810	53	1
#canh 2_11
# quai vat 1 mat
53	622	808	53
53	688	865	53	1
53	642	934	53
# canh 2_12
# dau cong
52	945	824	52	1

#BOSS
# than boss
# id x y ani
#600	1150	1100	600
600	1650	865	600

# BRICK 
# --- platform (hint: I created the list using Excel!) ---
#map 1
-2	1248	768	62	512
-2	1504	768	63	513
-2	1310	1217	195	63
-2	1311	769	194	30
-2	1329	798	30	64
-2	1393	799	30	63
-2	1310	930	130	45
-2	1377	1057	129	46
# map 2
# tat ca khong gian 
-2	1	1808	30	208
-2	30	1985	225	32
-2	30	1808	193	14
-2	224	1904	63	81
-2	223	1809	63	62
-2	255	1986	224	30
-2	286	1809	82	14
-2	399	1808	81	15
-2	481	1904	62	113
-2	480	1808	63	64
-2	544	1985	222	32
-2	737	1905	29	80
-2	736	1793	32	79
-2	656	1808	81	15
-2	542	1809	81	15
-2	511	1729	112	79
-2	656	1729	79	78
-2	736	1552	31	240
-2	511	1552	32	179
-2	512	1473	111	94
-2	656	1474	112	94
-2	479	1281	64	78
-2	542	1296	81	16
-2	656	1296	79	14
-2	480	1393	62	80
-2	736	1296	63	63
-2	736	1392	63	82
-2	400	1280	80	31
-2	287	1280	80	31
-2	255	1280	32	224
-2	283	1474	229	30
-2	256	1218	111	63
-2	400	1218	79	63
-2	481	1024	62	258
-2	225	1136	62	83
-2	223	1025	64	79
-2	284	1025	197	29
-2	0	1218	255	62
-2	0	1024	31	193
-2	28	1025	84	30
-2	145	1024	79	31
-2	1	769	29	256
-2	29	962	83	62
-2	144	961	80	64
-2	225	881	62	145
-2	224	769	63	79
-2	29	768	196	31
-2	286	962	335	62
-2	287	771	447	27
-2	480	798	63	49
-2	482	881	60	80
-2	736	768	65	79
-2	736	880	63	81
-2	656	961	143	93
-2	543	1024	80	31
-2	737	1053	62	196
-2	657	1218	111	78
-2	542	1218	81	80
-2	993	768	30	225
-2	798	960	196	33
-2	798	769	82	31
-2	911	767	82	31
-2	768	512	31	258
-2	798	706	82	64
-2	912	705	112	63
-2	993	513	31	194
-2	798	512	195	30
#map 3
-2	1536	769	31	1278
-2	2017	770	29	1276
-2	1564	2019	460	28
-2	1563	768	459	30



-2	1536	1056	511	25