[TILEMAP]
# path_tilesheet path_info
textures\scene\scene11\tilesheet.png	textures\scene\scene11\matrix.dat

[CAMERA]
# 0: camera start to left, 1: camera start to right
0

[KHONG_GIAN]
# id	left	top	right	bottom
# map 1
1	1023	1041	2046	1278
# map 2
2	0	0	511	1280
# map 3
3	511	0	1025	190
# map 4
4	1025	1307	1536	2305
# map 5
5	513	289	1027	2048
# map 6
6	1026	258	1534	495
# map 7
7	1539	261	2045	794
# map 8
8	1025	531	1535	766
# map 9
9	258	1293	514	1517
# map 10
10	1537	34	2046	189


[OBJECTS]
# type	x	y	ani_set_id	extra_settings per object type
# type: 0 = PlayerXe, 1 = PlayerNguoi
# Player xe
# type	x	y	ani_set_id	start_x	start_y	direction_start
0	1073	1164	1	20	0	1
#0	20	20	1	20	0	1
# Player nguoi
# type	x	y	ani_set_id	start_x	start_y	direction_start
1	20.0	0	20	20	0	1


# --- SCENE PORTAL ----
# type	l	t	ani_set_id	r	b	scene_id x_player y_player x_cam y_cam
-1	592	399	0	594	417	2	1396	1135	1281	1002	1
-1	1095	688	0	1097	705	2	92	1898	0	1808	2

# CONG_KHONG_GIAN
# type	x	y	w	h	id_khong_gian	huong	xPlayer	yPlayer	loaiCong
# loại 1 chuyển qua phải và dịch map theo chiều ngang
# loại 2 chuyển qua phải và dịch map theo chiều dọc
# loại 3 chuyển qua phải và k dịch map
# cổng 1 .
-3	1989	1143	11	42	2	1	51	1164	1
# cổng 2.
-3	42	1160	6	25	1	2	1963	1161	4
# cổng 3.
-3	464	1161	6	25	5	1	562	1164	3
# cổng 4.
-3	464	136	6	25	3	1	563	140	3
# cổng 5.
-3	555	136	6	25	2	2	436	138	6
# cổng 6.
-3	976	136	6	25	4	1	1075	2188	2
# cổng 7.
-3	1066	2184	6	25	3	2	955	140	5
# cổng 8
-3	1488	2184	6	25	10	1	1589	138	7
# cổng 9
-3	1066	1416	6	25	5	2	948	1420	6
# cổng 10
-3	1579	135	6	25	4	2	1460	2189	8
# cổng 11
-3	976	1416	6	25	4	1	1075	1420	3
# cổng 12
#-3	554	1928	6	25	11	2	2486	1929	4
# cổng 13
-3	554	1416	6	25	9	2	435	1419	6
# cổng 14.
-3	555	1160	6	25	2	2	435	1164	6
# cổng 15
#-3	976	904	6	25	12	1	1074	908	3
# cổng 16	
-3	976	393	6	25	6	1	1075	396	3
# cổng 24
-3	465	1417	6	25	5	1	562	1419	3
# cổng 26
-3	1066	392	6	25	5	2	948	395	6
# cổng 27
-3	1488	393	6	25	7	1	1586	396	3
# cổng 28
-3	1578	393	6	25	6	2	1460	396	6
# cổng 29
-3	1578	648	6	25	8	2	1460	652	6
# cổng 30
-3	1488	648	6	25	7	1	1585	653	3


# Thang
# id l t ani_set_id w h is_thang_len
-4	562	599	0	12	9	1
-4	555	396	0	25	20	0


# VU KHI
# type	x	y	[ani_set_id	item ani_set_of_item]
# viendan1 qua trai
#	2	90	128	3
# Viendan1 huong len
#	3	120	128	4	
#Vien đạn player người 2
#5	1189	1136	103





#QUAI VAT

#test 
# dau cong
52	1189	1100	52
# cảnh 1
# quái vật sâu
# id x y ani item loai gioi_han_trai gioi_han_phai
# loai = 1 => sau trai phai
# loai = 2 => sâu dung nham
15	1169	1057	15	0	1	1	1060	1239
15	1233	1057	15	0	0	1	1060	1239
15	1494	1060	15	0	1	1	1409	1523
15	1882	1060	15	0	0	1	1795	1949
15	1948	1068	15	0	1	1	1795	1949
# quái vật viên đạn hướng lên
# id x y idani ani	chieuVx	chieuVy
11	1276	1164	11	0	1	1	0
11	1308	1065	11	1	1	1	1
# quái vật đầu sâu
# di chuyển khi dội tường
10	1628	1091	10	1
10	1855	1108	10
10	1946	1110	10

# cảnh 2
# quái vật đầu sâu
10	137	1168	10	1
10	103	1134	10	1
10	147	1098	10	1
# QUAI VAT VIEN DAN HUONG LEN
11	250	1160	11	0	-1	1	1
11	162	79	11	0	-1	1	0
11	237	80	11	0	-1	1	0
11	334	83	11	0	-1	1	1
# QUAI VAT THAN LAN
12	63	965	12	1
12	324	1024	12
# Quai Vat Ruoi
13	335	753	13	1
13	361	604	13
13	360	489	13	1
# Quai vat bo rua duoi theo
14	222	453	14
14	263	322	14	1
14	65	326	14
# quai vat sau code them
15	240	271	15	0	0	1	43	336
15	177	271	15	0	0	1	43	336

# canh 3
# Quai Vat Dau  lau
16	803	114	16	1
16	866	114	16	1
16	944	114	16
# canh 4
# quai vat sau dung nhan
15	1204	2068	15	1
15	1267	2008	15	0
15	1139	1628	15	1
15	1204	1565	15	1
15	1141	1498	15	0
# quai vat bo rua ngang	
#17	1122	1827	17	1
#17	1168	1840	17

# canh 5
#quai vat Ruoi
13	921	1329	13
13	752	1444	13	1
13	742	1191	13	1
13	860	647	13
13	947	647	13	1
# Quai vat bom
18	896	1114	18	1
18	746	1115	18
18	742	986	18	1
# quai vat dau lau
16	929	900	16	1
16	600	775	16
# quai vat than Lan
12	940	567	12
12	837	567	12	1
12	881	441	12
# quai vat bo rua ngang
17	716	546	17	1
17	547	560	17

# canh 6
# quai vat bo rua duoi theo
14	1259	307	14
14	1312	311	14	1
14	1357	325	14

# canh 7
# quai vat than Lan
12	1646	403	12	1
12	1672	329	12
12	1835	448	12	1
12	1966	588	12	1
12	1722	703	12
# quai vat dau sau
10	1688	291	10	1
10	1787	349	10
10	1864	295	10
10	1920	291	10	1
# quai vat bo rua ngang
17	1983	343	17	1
17	1985	394	17	1
17	1990	457	17	1
17	1995	522	17

#test
# thanh mau
#90	1100	1179	90

# BRICK 
# --- platform (hint: I created the list using Excel!) ---
#map 1
-2	1024	1040	1023	16
-2	1024	1248	1023	16
-2	1024	1056	16	193
-2	1073	1055	30	32
-2	1137	1056	30	48
-2	1201	1055	30	32
-2	1265	1055	30	79
-2	1329	1056	30	47
-2	1393	1056	30	30
-2	1457	1055	29	31
-2	1521	1055	29	47
-2	1585	1055	30	32
-2	1650	1055	29	80
-2	1713	1055	30	32
-2	1777	1055	30	32
-2	1841	1056	30	47
-2	1905	1056	30	78
-2	2000	1053	47	200
-2	1038	1184	303	16
-2	1296	1199	16	51
-2	1409	1184	124	16
-2	1423	1199	16	51
-2	1488	1199	15	51
-2	1603	1184	121	15
-2	1616	1198	15	53
-2	1680	1198	16	52
-2	1794	1184	209	16
-2	1808	1199	16	52

#map 2
-2	0	1249	512	31
-2	1	1185	158	30
-2	225	1185	287	30
-2	480	1219	0	0
-2	1	1121	94	30
-2	97	1057	318	30
-2	1	993	158	15
-2	144	1008	15	16
-2	0	1008	111	15
#-2	-110	1249	0	0
#-2	-110	1249	0	0
-2	417	993	63	30
-2	161	929	254	30
-2	417	865	63	30
-2	33	865	190	31
-2	97	801	62	30
-2	33	737	63	30
-2	225	801	191	30
-2	97	673	318	30
-2	415	737	63	30
-2	417	610	63	29
-2	289	545	126	31
-2	33	545	190	31
-2	33	482	62	29
-2	97	417	254	30
-2	353	353	62	30
-2	33	289	318	30
-2	97	225	383	14
-2	336	239	143	16
-2	97	239	14	16
-2	144	239	32	16
-2	208	239	31	16
-2	272	239	32	16
-2	33	161	126	30
-2	97	97	254	30
-2	353	161	127	30
-2	417	97	63	30
-2	273	49	207	14
-2	208	48	31	15
-2	144	48	31	15
-2	32	49	79	14
-2	32	0	448	49
-2	417	1121	63	30
-2	256	127	31	80
-2	256	703	31	79
-2	320	831	32	79
-2	256	959	32	79
-2	320	1087	32	80
-2	0	0	31	1249
-2	480	0	32	1250
#map 3
-2	512	48	32	143
-2	544	128	27	8
-2	544	49	480	30
-2	544	79	16	32
-2	608	79	16	32
-2	672	79	16	32
-2	737	79	15	33
-2	800	79	16	33
-2	864	79	16	32
-2	928	79	16	33
-2	544	160	450	31
-2	993	78	31	113
-2	964	128	28	8

#map 5
-2	1536	48	33	143
-2	1567	47	480	32
-2	2017	79	30	112
-2	1566	160	455	31
-2	1567	79	17	32
-2	1632	78	16	33
-2	1697	78	15	33
-2	1567	128	29	8
-2	1760	79	16	32
-2	1824	79	16	32
-2	1888	79	16	32
-2	1952	79	16	32
-2	1984	128	33	8
#
-2	1025	2047	30	255
-2	1056	2143	16	31
-2	1104	2143	15	31
-2	1071	2160	33	14
-2	1054	2208	129	30
-2	1051	2273	460	30
-2	1250	2209	125	29
-2	1185	2145	62	29
-2	1314	2145	189	28
-2	1442	2209	62	28
-2	1121	2080	78	29
-2	1232	2080	79	30
-2	1196	2095	38	15
-2	1377	2081	62	28
-2	1506	2048	30	252

#Space4
-2	1025	1313	30	734
-2	1054	2016	17	32
-2	1070	2033	113	15
-2	1104	2017	79	16
-2	1248	2016	15	31
-2	1262	2033	113	15
-2	1296	2017	79	16
-2	1313	1953	14	30
-2	1326	1969	113	15
-2	1360	1953	78	16
-2	1122	1954	125	30
-2	1053	1889	258	31
-2	1054	1825	65	31
-2	1184	1824	15	31
-2	1198	1841	177	14
-2	1232	1824	143	17
-2	1377	1890	62	29
-2	1249	1761	189	31
-2	1437	1761	2	30
-2	1121	1761	62	30
-2	1054	1698	66	29
-2	1185	1698	62	29
-2	1120	1632	15	31
-2	1168	1632	15	31
-2	1134	1649	35	14
-2	1250	1633	61	30
-2	1313	1697	15	30
-2	1327	1714	32	13
-2	1361	1697	14	30
-2	1053	1570	66	31
-2	1120	1504	15	31
-2	1134	1521	34	15
-2	1168	1504	15	32
-2	1184	1568	16	32
-2	1200	1586	33	13
-2	1233	1569	14	31
-2	1055	1441	64	30
-2	1053	1377	66	30
-2	1054	1313	482	31
-2	1504	1344	32	703
-2	1377	1377	62	30
#Space5
-2	511	289	32	1760
-2	541	2018	483	29
-2	993	288	31	1759
-2	929	1953	65	31
-2	541	1953	130	30
-2	540	1889	66	29
-2	673	1889	253	30
-2	737	1825	62	30
-2	672	1792	31	78
-2	541	1762	192	29
-2	802	1761	191	29
-2	801	1665	30	95
-2	542	1697	65	30
-2	929	1697	64	30
-2	609	1633	62	29
-2	737	1634	190	30
-2	670	1649	67	16
-2	930	1570	65	29
-2	542	1506	193	30
-2	735	1520	66	15
-2	801	1506	126	29
-2	865	1441	129	31
-2	543	1441	128	30
-2	543	1378	63	29
-2	606	1377	32	46
-2	672	1281	31	77
-2	540	1313	133	31
-2	674	1378	188	29
-2	930	1378	65	29
-2	802	1313	61	31
-2	609	1249	190	32
-2	865	1249	130	29
-2	672	1152	31	79
-2	541	1185	66	30
-2	542	1122	256	29
-2	798	1136	67	16
-2	866	1121	61	30
-2	930	1186	65	29
-2	540	1057	67	31
-2	609	993	62	30
-2	670	1009	66	14
-2	736	993	63	30
-2	801	930	195	28
-2	929	865	64	30
-2	540	866	259	30
-2	609	801	62	31
-2	541	738	65	29
-2	673	737	62	30
-2	801	738	193	29
-2	732	753	70	14
-2	865	673	62	31
-2	930	610	64	29
-2	541	610	66	29
-2	673	610	190	29
-2	605	626	67	14
-2	737	546	62	30
-2	802	481	126	30
-2	930	417	65	31
-2	930	354	65	29
-2	737	418	62	29
-2	542	417	18	30
-2	577	417	30	29
-2	541	289	453	29
#Space6
-2	1024	280	31	199
-2	1054	280	451	9
-2	1440	288	47	7
-2	1449	295	30	8
-2	1457	304	29	7
-2	1465	312	14	7
-2	1376	288	30	6
-2	1385	295	13	7
-2	1312	289	46	5
-2	1321	297	29	6
-2	1329	304	30	7
-2	1336	312	14	7
-2	1249	289	30	6
-2	1257	296	14	7
-2	1184	288	31	7
-2	1192	296	15	7
-2	1120	288	47	7
-2	1128	296	31	7
-2	1136	305	31	6
-2	1144	312	15	7
-2	1056	289	31	6
-2	1065	296	13	7
-2	1504	280	32	199
-2	1054	449	453	29
-2	1051	417	69	32
-2	1185	417	62	32
-2	1313	417	63	33
-2	1441	417	64	32
-2	1054	384	29	6
-2	1477	384	28	6
# map 7
-2	1536	257	32	512
-2	1568	257	480	30
-2	2017	287	30	480
-2	1563	753	462	14
-2	1567	673	65	79
-2	1631	689	33	13
-2	1631	737	17	16
-2	1680	737	96	16
-2	1809	737	210	16
-2	1984	689	33	14
-2	1825	609	79	62
-2	1904	625	48	46
-2	1937	610	15	17
-2	1947	625	38	14
-2	1825	670	62	67
-2	1792	689	33	14
-2	1567	640	27	7
-2	1664	624	128	15
-2	1697	545	62	126
-2	1567	480	383	60
-2	1566	417	65	63
-2	1630	434	34	14
-2	1663	368	35	16
-2	1696	352	79	64
-2	1808	353	31	15
-2	1774	368	178	47
-2	1873	352	78	17
-2	1888	415	63	68
-2	1949	368	35	14
-2	1984	432	34	15
-2	1950	497	36	15
-2	1985	561	34	14
-2	1567	384	28	7
# map 8
-2	1024	544	31	199
-2	1054	706	481	32
-2	1442	674	93	31
-2	1504	544	30	128
-2	1053	544	453	30
-2	1479	641	26	6
-2	1088	672	33	5
#space9
-2	255	1312	257	30
-2	481	1341	30	163
-2	255	1341	32	163
-2	285	1474	198	30
-2	417	1441	66	33
-2	454	1408	26	7